# r/xi n_trench/mu n_bucket/mu
1.346966e-01 1.000000e+00 1.000000e+00
4.040897e-01 1.000000e+00 1.000000e+00
6.734829e-01 1.000000e+00 1.000000e+00
9.428760e-01 1.000000e+00 1.000000e+00
1.212269e+00 1.000000e+00 1.000000e+00
1.481662e+00 1.000000e+00 1.000000e+00
1.751056e+00 1.000000e+00 1.000000e+00
2.020449e+00 1.000000e+00 1.000000e+00
2.289842e+00 1.000000e+00 1.000000e+00
2.559235e+00 1.000000e+00 1.000000e+00
2.828628e+00 1.000000e+00 1.000000e+00
3.098021e+00 1.000000e+00 1.000000e+00
3.367414e+00 1.000000e+00 1.000000e+00
3.636808e+00 1.000000e+00 1.000000e+00
3.906201e+00 1.000000e+00 1.000000e+00
4.175594e+00 1.000000e+00 1.000000e+00
4.444987e+00 1.000000e+00 1.000000e+00
4.714380e+00 1.000000e+00 1.000000e+00
4.983773e+00 1.000000e+00 1.000000e+00
5.253167e+00 1.000000e+00 1.000000e+00
5.522560e+00 1.000000e+00 1.000000e+00
5.791953e+00 1.000000e+00 1.000000e+00
6.061346e+00 1.000000e+00 1.000000e+00
6.330739e+00 1.000000e+00 1.000000e+00
6.600132e+00 1.000000e+00 1.000000e+00
6.869525e+00 1.000000e+00 1.000000e+00
7.138919e+00 1.000000e+00 1.000000e+00
7.408312e+00 1.000000e+00 1.000000e+00
7.677705e+00 1.000000e+00 1.000000e+00
7.947098e+00 1.000000e+00 1.000000e+00
8.216491e+00 1.000000e+00 1.000000e+00
8.485884e+00 1.000000e+00 1.000000e+00
8.755278e+00 1.000000e+00 1.000000e+00
9.024671e+00 1.000000e+00 1.000000e+00
9.294064e+00 1.000000e+00 1.000000e+00
9.563457e+00 1.000000e+00 1.000000e+00
9.832850e+00 1.000000e+00 1.000000e+00
1.010224e+01 1.000000e+00 1.000000e+00
1.037164e+01 1.000000e+00 1.000000e+00
1.064103e+01 1.000000e+00 1.000000e+00
1.091042e+01 1.000000e+00 1.000000e+00
1.117982e+01 1.000000e+00 1.000000e+00
1.144921e+01 1.000000e+00 1.000000e+00
1.171860e+01 1.000000e+00 1.000000e+00
1.198800e+01 1.000000e+00 1.000000e+00
1.225739e+01 1.000000e+00 1.000000e+00
1.252678e+01 1.000000e+00 1.000000e+00
1.279617e+01 1.000000e+00 1.000000e+00
1.306557e+01 1.000000e+00 1.000000e+00
1.333496e+01 1.000000e+00 1.000000e+00
1.360435e+01 1.000000e+00 1.000000e+00
1.387375e+01 1.000000e+00 1.000000e+00
1.414314e+01 1.000000e+00 1.000000e+00
1.441253e+01 1.000000e+00 1.000000e+00
1.468193e+01 1.000000e+00 1.000000e+00
1.495132e+01 1.000000e+00 1.000000e+00
1.522071e+01 1.000000e+00 1.000000e+00
1.549011e+01 1.000000e+00 1.000000e+00
1.575950e+01 1.000000e+00 1.000000e+00
1.602889e+01 1.000000e+00 1.000000e+00
1.629829e+01 1.000000e+00 1.000000e+00
1.656768e+01 1.000000e+00 1.000000e+00
1.683707e+01 1.000000e+00 1.000000e+00
1.710647e+01 1.000000e+00 1.000000e+00
1.737586e+01 1.000000e+00 1.000000e+00
1.764525e+01 1.000000e+00 1.000000e+00
1.791464e+01 1.000000e+00 1.000000e+00
1.818404e+01 1.000000e+00 1.000000e+00
1.845343e+01 1.000000e+00 1.000000e+00
1.872282e+01 1.000000e+00 1.000000e+00
1.899222e+01 1.000000e+00 1.000000e+00
1.926161e+01 1.000000e+00 1.000000e+00
1.953100e+01 1.000000e+00 1.000000e+00
1.980040e+01 1.000000e+00 1.000000e+00
2.006979e+01 1.000000e+00 1.000000e+00
2.033918e+01 1.000000e+00 1.000000e+00
2.060858e+01 1.000000e+00 1.000000e+00
2.087797e+01 1.000000e+00 1.000000e+00
2.114736e+01 1.000000e+00 1.000000e+00
2.141676e+01 1.000000e+00 1.000000e+00
2.168615e+01 1.000000e+00 1.000000e+00
2.195554e+01 1.000000e+00 1.000000e+00
2.222494e+01 1.000000e+00 1.000000e+00
2.249433e+01 1.000000e+00 1.000000e+00
2.276372e+01 1.000000e+00 1.000000e+00
2.303311e+01 1.000000e+00 1.000000e+00
2.330251e+01 1.000000e+00 1.000000e+00
2.357190e+01 1.000000e+00 1.000000e+00
2.384129e+01 1.000000e+00 1.000000e+00
2.411069e+01 1.000000e+00 1.000000e+00
2.438008e+01 1.000000e+00 1.000000e+00
2.464947e+01 1.000000e+00 1.000000e+00
2.491887e+01 1.000000e+00 1.000000e+00
2.518826e+01 1.000000e+00 1.000000e+00
2.545765e+01 1.000000e+00 1.000000e+00
2.572705e+01 1.000000e+00 1.000000e+00
2.599644e+01 1.000000e+00 1.000000e+00
2.626583e+01 1.000000e+00 1.000000e+00
2.653523e+01 1.000000e+00 1.000000e+00
2.680462e+01 1.000000e+00 1.000000e+00
2.707401e+01 1.000000e+00 1.000000e+00
2.734341e+01 1.000000e+00 1.000000e+00
2.761280e+01 1.000000e+00 1.000000e+00
2.788219e+01 1.000000e+00 1.000000e+00
2.815158e+01 1.000000e+00 1.000000e+00
2.842098e+01 1.000000e+00 1.000000e+00
2.869037e+01 1.000000e+00 1.000000e+00
2.895976e+01 1.000000e+00 1.000000e+00
2.922916e+01 1.000000e+00 1.000000e+00
2.949855e+01 1.000000e+00 1.000000e+00
2.976794e+01 1.000000e+00 1.000000e+00
3.003734e+01 1.000000e+00 1.000000e+00
3.030673e+01 1.000000e+00 1.000000e+00
3.057612e+01 1.000000e+00 1.000000e+00
3.084552e+01 1.000000e+00 1.000000e+00
3.111491e+01 1.000000e+00 1.000000e+00
3.138430e+01 1.000000e+00 1.000000e+00
3.165370e+01 1.000000e+00 1.000000e+00
3.192309e+01 1.000000e+00 1.000000e+00
3.219248e+01 1.000000e+00 1.000000e+00
3.246188e+01 1.000000e+00 1.000000e+00
3.273127e+01 1.000000e+00 1.000000e+00
3.300066e+01 1.000000e+00 1.000000e+00
3.327005e+01 1.000000e+00 1.000000e+00
3.353945e+01 1.000000e+00 1.000000e+00
3.380884e+01 1.000000e+00 1.000000e+00
3.407823e+01 1.000000e+00 1.000000e+00
3.434763e+01 1.000000e+00 1.000000e+00
3.461702e+01 1.000000e+00 1.000000e+00
3.488641e+01 1.000000e+00 1.000000e+00
3.515581e+01 1.000000e+00 1.000000e+00
3.542520e+01 1.000000e+00 1.000000e+00
3.569459e+01 1.000000e+00 1.000000e+00
3.596399e+01 1.000000e+00 1.000000e+00
3.623338e+01 1.000000e+00 1.000000e+00
3.650277e+01 1.000000e+00 1.000000e+00
3.677217e+01 1.000000e+00 1.000000e+00
3.704156e+01 1.000000e+00 1.000000e+00
3.731095e+01 1.000000e+00 1.000000e+00
3.758035e+01 1.000000e+00 1.000000e+00
3.784974e+01 1.000000e+00 1.000000e+00
3.811913e+01 1.000000e+00 1.000000e+00
3.838852e+01 1.000000e+00 1.000000e+00
3.865792e+01 1.000000e+00 9.999999e-01
3.892731e+01 1.000000e+00 9.999999e-01
3.919670e+01 1.000000e+00 9.999999e-01
3.946610e+01 1.000000e+00 9.999998e-01
3.973549e+01 1.000000e+00 9.999997e-01
4.000488e+01 1.000000e+00 9.999996e-01
4.027428e+01 1.000000e+00 9.999994e-01
4.054367e+01 1.000000e+00 9.999992e-01
4.081306e+01 1.000000e+00 9.999988e-01
4.108246e+01 1.000000e+00 9.999982e-01
4.135185e+01 1.000000e+00 9.999974e-01
4.162124e+01 1.000000e+00 9.999963e-01
4.189064e+01 1.000000e+00 9.999946e-01
4.216003e+01 1.000000e+00 9.999921e-01
4.242942e+01 1.000000e+00 9.999884e-01
4.269881e+01 1.000000e+00 9.999831e-01
4.296821e+01 1.000000e+00 9.999754e-01
4.323760e+01 1.000000e+00 9.999641e-01
4.350699e+01 1.000000e+00 9.999476e-01
4.377639e+01 1.000000e+00 9.999236e-01
4.404578e+01 1.000000e+00 9.998886e-01
4.431517e+01 1.000000e+00 9.998376e-01
4.458457e+01 1.000001e+00 9.997633e-01
4.485396e+01 1.000001e+00 9.996549e-01
4.512335e+01 1.000001e+00 9.994971e-01
4.539275e+01 1.000002e+00 9.992672e-01
4.566214e+01 1.000002e+00 9.989325e-01
4.593153e+01 1.000004e+00 9.984456e-01
4.620093e+01 1.000005e+00 9.977375e-01
4.647032e+01 1.000007e+00 9.967087e-01
4.673971e+01 1.000011e+00 9.952156e-01
4.700911e+01 1.000016e+00 9.930514e-01
4.727850e+01 1.000023e+00 9.899199e-01
4.754789e+01 1.000034e+00 9.853991e-01
4.781728e+01 1.000049e+00 9.788928e-01
4.808668e+01 1.000072e+00 9.695667e-01
4.835607e+01 1.000104e+00 9.562723e-01
4.862546e+01 1.000152e+00 9.374623e-01
4.889486e+01 1.000221e+00 9.111181e-01
4.916425e+01 1.000322e+00 8.747323e-01
4.943364e+01 1.000468e+00 8.254259e-01
4.970304e+01 1.000679e+00 7.603241e-01
4.997243e+01 1.000986e+00 6.773426e-01
5.024182e+01 1.001429e+00 5.764619e-01
5.051122e+01 1.002070e+00 4.612885e-01
5.078061e+01 1.002993e+00 3.401508e-01
5.105000e+01 1.004320e+00 2.254530e-01
5.131940e+01 1.006225e+00 1.303040e-01
5.158879e+01 1.008950e+00 6.329447e-02
5.185818e+01 1.012833e+00 2.469089e-02
5.212758e+01 1.018343e+00 7.303758e-03
5.239697e+01 1.026123e+00 1.521432e-03
5.266636e+01 1.037039e+00 2.026633e-04
5.293575e+01 1.052241e+00 1.522758e-05
5.320515e+01 1.073210e+00 5.491679e-07
5.347454e+01 1.101786e+00 7.753423e-09
5.374393e+01 1.140101e+00 3.339887e-11
5.401333e+01 1.190360e+00 3.286530e-14
5.428272e+01 1.254334e+00 5.435813e-18
5.455211e+01 1.332487e+00 1.148073e-22
5.482151e+01 1.422925e+00 2.620497e-28
5.509090e+01 1.520755e+00 4.685560e-34
5.536029e+01 1.618715e+00 1.637744e-35
5.562969e+01 1.709205e+00 1.055484e-34
5.589908e+01 1.786610e+00 3.665957e-34
5.616847e+01 1.848460e+00 6.339776e-35
5.643787e+01 1.895114e+00 5.007486e-37
5.670726e+01 1.928623e+00 5.543130e-35
5.697665e+01 1.951614e+00 6.159677e-35
5.724605e+01 1.966540e+00 8.551378e-35
5.751544e+01 1.975297e+00 1.050777e-34
5.778483e+01 1.979082e+00 1.465634e-35
5.805422e+01 1.978337e+00 3.636494e-35
5.832362e+01 1.972671e+00 6.144944e-35
5.859301e+01 1.960714e+00 8.092381e-36
5.886240e+01 1.939827e+00 1.077750e-34
5.913180e+01 1.905689e+00 7.933839e-35
5.940119e+01 1.851782e+00 4.399789e-35
5.967058e+01 1.769018e+00 1.948272e-35
5.993998e+01 1.646043e+00 6.719624e-34
6.020937e+01 1.471321e+00 2.201638e-35
6.047876e+01 1.238447e+00 1.203982e-34
6.074816e+01 9.550178e-01 8.552003e-35
6.101755e+01 6.508659e-01 2.563871e-37
6.128694e+01 3.750155e-01 6.208775e-36
6.155634e+01 1.733953e-01 3.311632e-36
6.182573e+01 6.056845e-02 7.811365e-36
6.209512e+01 1.487492e-02 5.979639e-35
6.236452e+01 2.347348e-03 3.494377e-35
6.263391e+01 2.118789e-04 1.897770e-35
6.290330e+01 9.407208e-06 4.236676e-35
6.317269e+01 1.694770e-07 3.825240e-36
6.344209e+01 9.763037e-10 4.647112e-35
6.371148e+01 1.358040e-12 1.182865e-34
6.398087e+01 3.361972e-16 3.924262e-35
6.425027e+01 1.113008e-20 9.975759e-35
6.451966e+01 4.055427e-26 5.860703e-35
6.478905e+01 1.578226e-32 2.950617e-35
6.505845e+01 2.872905e-35 1.129388e-35
6.532784e+01 4.069052e-35 1.071877e-36
6.559723e+01 1.435182e-34 1.619967e-35
6.586663e+01 9.606181e-35 3.221015e-35
6.613602e+01 1.710561e-34 1.698697e-35
6.640541e+01 4.351819e-34 3.771114e-36
6.667481e+01 2.246507e-34 9.119249e-36
6.694420e+01 2.226215e-34 8.175688e-35
6.721359e+01 2.421703e-35 9.752000e-35
6.748299e+01 2.465951e-34 7.663985e-35
6.775238e+01 1.894611e-35 1.018470e-34
6.802177e+01 1.473189e-34 4.309328e-36
6.829116e+01 2.016450e-34 1.474761e-35
6.856056e+01 5.458419e-35 1.153080e-34
6.882995e+01 1.742765e-34 1.157515e-34
6.909934e+01 6.321621e-35 2.412502e-35
6.936874e+01 7.024418e-36 3.470615e-35
6.963813e+01 7.672661e-35 9.338973e-36
6.990752e+01 3.490905e-34 1.332468e-35
